x = [0.0, -1, 0.105, 1, 0.0031499999999999996, -1, 0.105, 1, 0.006299999999999999, -1, 0.105, 1, 0.009449999999999998, -1, 0.105, 1, 0.012599999999999998, -1, 0.105, 1, 0.01575, -1, 0.105, 1, 0.018899999999999997, -1, 0.105, 1, 0.022049999999999997, -1, 0.105, 1, 0.025199999999999997, -1, 0.105, 1, 0.028349999999999997, -1, 0.105, 1, 0.0315, -1, 0.105, 1, 0.03464999999999999, -1, 0.105, 1, 0.03779999999999999, -1, 0.105, 1, 0.04094999999999999, -1, 0.105, 1, 0.04409999999999999, -1, 0.105, 1, 0.04724999999999999, -1, 0.105, 1, 0.05039999999999999, -1, 0.105, 1, 0.05354999999999999, -1, 0.105, 1, 0.05669999999999999, -1, 0.105, 1, 0.059849999999999993, -1, 0.105, 1, 0.063, -1, 0.105, 1, 0.06614999999999999, -1, 0.105, 1, 0.06929999999999999, -1, 0.105, 1, 0.07244999999999999, -1, 0.105, 1, 0.07559999999999999, -1, 0.105, 1, 0.07874999999999999, -1, 0.105, 1, 0.08189999999999999, -1, 0.105, 1, 0.08504999999999999, -1, 0.105, 1, 0.08819999999999999, -1, 0.105, 1, 0.09134999999999999, -1, 0.105, 1, 0.09449999999999999, -1, 0.105, 1, 0.09764999999999999, -1, 0.105, 1, 0.10079999999999999, -1, 0.105, 1, 0.10394999999999999, -1, 0.105, 1, 0.0, -1, 0.0, 1, 0.0031499999999999996, -1, 0.0, 1, 0.006299999999999999, -1, 0.0, 1, 0.009449999999999998, -1, 0.0, 1, 0.012599999999999998, -1, 0.0, 1, 0.01575, -1, 0.0, 1, 0.018899999999999997, -1, 0.0, 1, 0.022049999999999997, -1, 0.0, 1, 0.025199999999999997, -1, 0.0, 1, 0.028349999999999997, -1, 0.0, 1, 0.0315, -1, 0.0, 1, 0.03464999999999999, -1, 0.0, 1, 0.03779999999999999, -1, 0.0, 1, 0.04094999999999999, -1, 0.0, 1, 0.04409999999999999, -1, 0.0, 1, 0.04724999999999999, -1, 0.0, 1, 0.05039999999999999, -1, 0.0, 1, 0.05354999999999999, -1, 0.0, 1, 0.05669999999999999, -1, 0.0, 1, 0.059849999999999993, -1, 0.0, 1, 0.063, -1, 0.0, 1, 0.06614999999999999, -1, 0.0, 1, 0.06929999999999999, -1, 0.0, 1, 0.07244999999999999, -1, 0.0, 1, 0.07559999999999999, -1, 0.0, 1, 0.07874999999999999, -1, 0.0, 1, 0.08189999999999999, -1, 0.0, 1, 0.08504999999999999, -1, 0.0, 1, 0.08819999999999999, -1, 0.0, 1, 0.09134999999999999, -1, 0.0, 1, 0.09449999999999999, -1, 0.0, 1, 0.09764999999999999, -1, 0.0, 1, 0.10079999999999999, -1, 0.0, 1]
y = [-0.0, -1, -0.105, 1, -0.0, -1, -0.105, 1, -0.0, -1, -0.105, 1, -0.0, -1, -0.105, 1, -0.0, -1, -0.105, 1, -0.0, -1, -0.105, 1, -0.0, -1, -0.105, 1, -0.0, -1, -0.105, 1, -0.0, -1, -0.105, 1, -0.0, -1, -0.105, 1, -0.0, -1, -0.105, 1, -0.0, -1, -0.105, 1, -0.0, -1, -0.105, 1, -0.0, -1, -0.105, 1, -0.0, -1, -0.105, 1, -0.0, -1, -0.105, 1, -0.0, -1, -0.105, 1, -0.0, -1, -0.105, 1, -0.0, -1, -0.105, 1, -0.0, -1, -0.105, 1, -0.0, -1, -0.105, 1, -0.0, -1, -0.105, 1, -0.0, -1, -0.105, 1, -0.0, -1, -0.105, 1, -0.0, -1, -0.105, 1, -0.0, -1, -0.105, 1, -0.0, -1, -0.105, 1, -0.0, -1, -0.105, 1, -0.0, -1, -0.105, 1, -0.0, -1, -0.105, 1, -0.0, -1, -0.105, 1, -0.0, -1, -0.105, 1, -0.0, -1, -0.105, 1, -0.0, -1, -0.105, 1, -0.105, -1, -0.0, 1, -0.105, -1, -0.0, 1, -0.105, -1, -0.0, 1, -0.105, -1, -0.0, 1, -0.105, -1, -0.0, 1, -0.105, -1, -0.0, 1, -0.105, -1, -0.0, 1, -0.105, -1, -0.0, 1, -0.105, -1, -0.0, 1, -0.105, -1, -0.0, 1, -0.105, -1, -0.0, 1, -0.105, -1, -0.0, 1, -0.105, -1, -0.0, 1, -0.105, -1, -0.0, 1, -0.105, -1, -0.0, 1, -0.105, -1, -0.0, 1, -0.105, -1, -0.0, 1, -0.105, -1, -0.0, 1, -0.105, -1, -0.0, 1, -0.105, -1, -0.0, 1, -0.105, -1, -0.0, 1, -0.105, -1, -0.0, 1, -0.105, -1, -0.0, 1, -0.105, -1, -0.0, 1, -0.105, -1, -0.0, 1, -0.105, -1, -0.0, 1, -0.105, -1, -0.0, 1, -0.105, -1, -0.0, 1, -0.105, -1, -0.0, 1, -0.105, -1, -0.0, 1, -0.105, -1, -0.0, 1, -0.105, -1, -0.0, 1, -0.105, -1, -0.0, 1]