x = [0.0, -1, 0.03452380746603012, 1, 0.0017261904431506991, -1, 0.03452380746603012, 1, 0.0034523808863013983, -1, 0.03452380746603012, 1, 0.005178571678698063, -1, 0.03452380746603012, 1, 0.0069047617726027966, -1, 0.03452380746603012, 1, 0.00863095186650753, -1, 0.03452380746603012, 1, 0.010357143357396126, -1, 0.03452380746603012, 1, 0.012083332985639572, -1, 0.03452380746603012, 1, 0.013809523545205593, -1, 0.03452380746603012, 1, 0.015535714104771614, -1, 0.03452380746603012, 1, 0.01726190373301506, -1, 0.03452380746603012, 1, 0.018988095223903656, -1, 0.03452380746603012, 1, 0.02071428671479225, -1, 0.03452380746603012, 1, 0.022440476343035698, -1, 0.03452380746603012, 1, 0.024166665971279144, -1, 0.03452380746603012, 1, 0.02589285746216774, -1, 0.03452380746603012, 1, 0.027619047090411186, -1, 0.03452380746603012, 1, 0.029345238581299782, -1, 0.03452380746603012, 1, 0.031071428209543228, -1, 0.03452380746603012, 1, 0.032797619700431824, -1, 0.03452380746603012, 1, 0.03452380746603012, -1, 0.03452380746603012, 1, 0.0, -1, 0.0, 1, 0.0017261904431506991, -1, 0.0, 1, 0.0034523808863013983, -1, 0.0, 1, 0.005178571678698063, -1, 0.0, 1, 0.0069047617726027966, -1, 0.0, 1, 0.00863095186650753, -1, 0.0, 1, 0.010357143357396126, -1, 0.0, 1, 0.012083332985639572, -1, 0.0, 1, 0.013809523545205593, -1, 0.0, 1, 0.015535714104771614, -1, 0.0, 1, 0.01726190373301506, -1, 0.0, 1, 0.018988095223903656, -1, 0.0, 1, 0.02071428671479225, -1, 0.0, 1, 0.022440476343035698, -1, 0.0, 1, 0.024166665971279144, -1, 0.0, 1, 0.02589285746216774, -1, 0.0, 1, 0.027619047090411186, -1, 0.0, 1, 0.029345238581299782, -1, 0.0, 1, 0.031071428209543228, -1, 0.0, 1, 0.032797619700431824, -1, 0.0, 1]
y = [-0.10499999672174454, -1, -0.08732323348522186, 1, -0.10499999672174454, -1, -0.08732323348522186, 1, -0.10499999672174454, -1, -0.08732323348522186, 1, -0.10499999672174454, -1, -0.08732323348522186, 1, -0.10499999672174454, -1, -0.08732323348522186, 1, -0.10499999672174454, -1, -0.08732323348522186, 1, -0.10499999672174454, -1, -0.08732323348522186, 1, -0.10499999672174454, -1, -0.08732323348522186, 1, -0.10499999672174454, -1, -0.08732323348522186, 1, -0.10499999672174454, -1, -0.08732323348522186, 1, -0.10499999672174454, -1, -0.08732323348522186, 1, -0.10499999672174454, -1, -0.08732323348522186, 1, -0.10499999672174454, -1, -0.08732323348522186, 1, -0.10499999672174454, -1, -0.08732323348522186, 1, -0.10499999672174454, -1, -0.08732323348522186, 1, -0.10499999672174454, -1, -0.08732323348522186, 1, -0.10499999672174454, -1, -0.08732323348522186, 1, -0.10499999672174454, -1, -0.08732323348522186, 1, -0.10499999672174454, -1, -0.08732323348522186, 1, -0.10499999672174454, -1, -0.08732323348522186, 1, -0.10499999672174454, -1, -0.08732323348522186, 1, -0.08732323348522186, -1, -0.10499999672174454, 1, -0.08732323348522186, -1, -0.10499999672174454, 1, -0.08732323348522186, -1, -0.10499999672174454, 1, -0.08732323348522186, -1, -0.10499999672174454, 1, -0.08732323348522186, -1, -0.10499999672174454, 1, -0.08732323348522186, -1, -0.10499999672174454, 1, -0.08732323348522186, -1, -0.10499999672174454, 1, -0.08732323348522186, -1, -0.10499999672174454, 1, -0.08732323348522186, -1, -0.10499999672174454, 1, -0.08732323348522186, -1, -0.10499999672174454, 1, -0.08732323348522186, -1, -0.10499999672174454, 1, -0.08732323348522186, -1, -0.10499999672174454, 1, -0.08732323348522186, -1, -0.10499999672174454, 1, -0.08732323348522186, -1, -0.10499999672174454, 1, -0.08732323348522186, -1, -0.10499999672174454, 1, -0.08732323348522186, -1, -0.10499999672174454, 1, -0.08732323348522186, -1, -0.10499999672174454, 1, -0.08732323348522186, -1, -0.10499999672174454, 1, -0.08732323348522186, -1, -0.10499999672174454, 1, -0.08732323348522186, -1, -0.10499999672174454, 1]