[0.0, -1, 16.0, 16.0, 0.0, 0.0, 1, 443.0, -1, 525.0, 525.0, 443.0, 443.0, 1, 443.0, -1, 481.0, 481.0, 443.0, 443.0, 1, 173.0, -1, 221.0, 221.0, 173.0, 173.0, 1, 278.0, -1, 433.0, 433.0, 278.0, 278.0, 1, 491.0, -1, 525.0, 525.0, 491.0, 491.0, 1, 63.0, -1, 104.0, 104.0, 63.0, 63.0, 1, 114.0, -1, 163.0, 163.0, 114.0, 114.0, 1, 278.0, -1, 433.0, 433.0, 278.0, 278.0, 1, 231.0, -1, 268.0, 268.0, 231.0, 231.0, 1, 26.0, -1, 53.0, 53.0, 26.0, 26.0, 1]
x = [0.0, -1, 0.0, 0.05123332887887955, 0.05123332887887955, 0.0, 1, 0.0, -1, 0.0, 0.018573809415102005, 0.018573809415102005, 0.0, 1, 0.019264284521341324, -1, 0.019264284521341324, 0.05123332887887955, 0.05123332887887955, 0.019264284521341324, 1, 0.0, -1, 0.0, 0.05123332887887955, 0.05123332887887955, 0.0, 1, 0.0, -1, 0.0, 0.032383330166339874, 0.032383330166339874, 0.0, 1, 0.019264284521341324, -1, 0.019264284521341324, 0.05123332887887955, 0.05123332887887955, 0.019264284521341324, 1, 0.0, -1, 0.0, 0.05123332887887955, 0.05123332887887955, 0.0, 1, 0.0, -1, 0.0, 0.05123332887887955, 0.05123332887887955, 0.0, 1, 0.03307380899786949, -1, 0.03307380899786949, 0.05123332887887955, 0.05123332887887955, 0.03307380899786949, 1, 0.0, -1, 0.0, 0.05123332887887955, 0.05123332887887955, 0.0, 1, 0.0, -1, 0.0, 0.05123332887887955, 0.05123332887887955, 0.0, 1]
y = [-0.10499999672174454, -1, -0.10443434119224548, -0.10443434119224548, -0.10499999672174454, -0.10499999672174454, 1, -0.08933837711811066, -1, -0.08643939346075058, -0.08643939346075058, -0.08933837711811066, -0.08933837711811066, 1, -0.08933837711811066, -1, -0.08799494802951813, -0.08799494802951813, -0.08933837711811066, -0.08933837711811066, 1, -0.09888383746147156, -1, -0.0971868634223938, -0.0971868634223938, -0.09888383746147156, -0.09888383746147156, 1, -0.09517171233892441, -1, -0.08969191461801529, -0.08969191461801529, -0.09517171233892441, -0.09517171233892441, 1, -0.0876414105296135, -1, -0.08643939346075058, -0.08643939346075058, -0.0876414105296135, -0.0876414105296135, 1, -0.10277272760868073, -1, -0.10132323205471039, -0.10132323205471039, -0.10277272760868073, -0.10277272760868073, 1, -0.10096969455480576, -1, -0.0992373675107956, -0.0992373675107956, -0.10096969455480576, -0.10096969455480576, 1, -0.09517171233892441, -1, -0.08969191461801529, -0.08969191461801529, -0.09517171233892441, -0.09517171233892441, 1, -0.09683333337306976, -1, -0.09552524983882904, -0.09552524983882904, -0.09683333337306976, -0.09683333337306976, 1, -0.10408080369234085, -1, -0.10312625765800476, -0.10312625765800476, -0.10408080369234085, -0.10408080369234085, 1]